293 292 284 285 284 294 235 359
292 284 285 284 294 235 359 303
284 285 284 294 235 359 303 291
285 284 294 235 359 303 291 285
284 294 235 359 303 291 285 277
294 235 359 303 291 285 277 303
235 359 303 291 285 277 303 308
359 303 291 285 277 303 308 296
303 291 285 277 303 308 296 298
291 285 277 303 308 296 298 296
285 277 303 308 296 298 296 286
277 303 308 296 298 296 286 288
303 308 296 298 296 286 288 284
308 296 298 296 286 288 284 296
296 298 296 286 288 284 296 313
298 296 286 288 284 296 313 296
296 286 288 284 296 313 296 283
286 288 284 296 313 296 283 286
288 284 296 313 296 283 286 277
284 296 313 296 283 286 277 284
296 313 296 283 286 277 284 293
313 296 283 286 277 284 293 293
296 283 286 277 284 293 293 298
283 286 277 284 293 293 298 304
286 277 284 293 293 298 304 290
277 284 293 293 298 304 290 279
284 293 293 298 304 290 279 288
293 293 298 304 290 279 288 284
293 298 304 290 279 288 284 309
298 304 290 279 288 284 309 303
304 290 279 288 284 309 303 297
290 279 288 284 309 303 297 289
279 288 284 309 303 297 289 301
288 284 309 303 297 289 301 285
284 309 303 297 289 301 285 284
309 303 297 289 301 285 284 295
303 297 289 301 285 284 295 304
297 289 301 285 284 295 304 317
289 301 285 284 295 304 317 296
301 285 284 295 304 317 296 280
285 284 295 304 317 296 280 289
284 295 304 317 296 280 289 291
295 304 317 296 280 289 291 288
304 317 296 280 289 291 288 301
317 296 280 289 291 288 301 299
296 280 289 291 288 301 299 297
280 289 291 288 301 299 297 292
289 291 288 301 299 297 292 284
291 288 301 299 297 292 284 281
288 301 299 297 292 284 281 291
301 299 297 292 284 281 291 303
299 297 292 284 281 291 303 300
297 292 284 281 291 303 300 299
292 284 281 291 303 300 299 290
284 281 291 303 300 299 290 280
281 291 303 300 299 290 280 287
291 303 300 299 290 280 287 282
303 300 299 290 280 287 282 284
300 299 290 280 287 282 284 308
299 290 280 287 282 284 308 305
290 280 287 282 284 308 305 296
280 287 282 284 308 305 296 282
287 282 284 308 305 296 282 283
282 284 308 305 296 282 283 283
284 308 305 296 282 283 283 294
308 305 296 282 283 283 294 292
305 296 282 283 283 294 292 306
296 282 283 283 294 292 306 300
282 283 283 294 292 306 300 292
283 283 294 292 306 300 292 282
283 294 292 306 300 292 282 278
294 292 306 300 292 282 278 282
292 306 300 292 282 278 282 290
306 300 292 282 278 282 290 303
300 292 282 278 282 290 303 297
292 282 278 282 290 303 297 292
282 278 282 290 303 297 292 280
278 282 290 303 297 292 280 288
282 290 303 297 292 280 288 284
290 303 297 292 280 288 284 288
303 297 292 280 288 284 288 295
297 292 280 288 284 288 295 308
292 280 288 284 288 295 308 298
280 288 284 288 295 308 298 284
288 284 288 295 308 298 284 282
284 288 295 308 298 284 282 285
288 295 308 298 284 282 285 299
295 308 298 284 282 285 299 297
308 298 284 282 285 299 297 299
298 284 282 285 299 297 299 299
284 282 285 299 297 299 299 295
282 285 299 297 299 299 295 288
285 299 297 299 299 295 288 280
299 297 299 299 295 288 280 286
297 299 299 295 288 280 286 293
299 299 295 288 280 286 293 309
299 295 288 280 286 293 309 305
295 288 280 286 293 309 305 292
288 280 286 293 309 305 292 286
280 286 293 309 305 292 286 283
286 293 309 305 292 286 283 288
293 309 305 292 286 283 288 292
309 305 292 286 283 288 292 296
305 292 286 283 288 292 296 306
292 286 283 288 292 296 306 306
286 283 288 292 296 306 306 291
283 288 292 296 306 306 291 276
288 292 296 306 306 291 276 288
292 296 306 306 291 276 288 289
296 306 306 291 276 288 289 294
306 306 291 276 288 289 294 301
306 291 276 288 289 294 301 295
291 276 288 289 294 301 295 298
276 288 289 294 301 295 298 287
288 289 294 301 295 298 287 281
289 294 301 295 298 287 281 280
294 301 295 298 287 281 280 294
301 295 298 287 281 280 294 295
295 298 287 281 280 294 295 311
298 287 281 280 294 295 311 299
287 281 280 294 295 311 299 284
281 280 294 295 311 299 284 283
280 294 295 311 299 284 283 289
294 295 311 299 284 283 289 285
295 311 299 284 283 289 285 295
311 299 284 283 289 285 295 299
299 284 283 289 285 295 299 302
284 283 289 285 295 299 302 295
283 289 285 295 299 302 295 278
289 285 295 299 302 295 278 271
285 295 299 302 295 278 271 286
295 299 302 295 278 271 286 295
299 302 295 278 271 286 295 293
302 295 278 271 286 295 293 302
295 278 271 286 295 293 302 295
278 271 286 295 293 302 295 282
271 286 295 293 302 295 282 267
286 295 293 302 295 282 267 300
295 293 302 295 282 267 300 281
293 302 295 282 267 300 281 299
302 295 282 267 300 281 299 311
295 282 267 300 281 299 311 296
282 267 300 281 299 311 296 289
267 300 281 299 311 296 289 280
300 281 299 311 296 289 280 284
281 299 311 296 289 280 284 287
299 311 296 289 280 284 287 287
311 296 289 280 284 287 287 293
296 289 280 284 287 287 293 305
289 280 284 287 287 293 305 296
280 284 287 287 293 305 296 280
284 287 287 293 305 296 280 274
287 287 293 305 296 280 274 281
287 293 305 296 280 274 281 278
293 305 296 280 274 281 278 297
305 296 280 274 281 278 297 298
296 280 274 281 278 297 298 287
280 274 281 278 297 298 287 283
274 281 278 297 298 287 283 284
281 278 297 298 287 283 284 279
278 297 298 287 283 284 279 275
297 298 287 283 284 279 275 283
298 287 283 284 279 275 283 295
287 283 284 279 275 283 295 305
283 284 279 275 283 295 305 291
284 279 275 283 295 305 291 277
279 275 283 295 305 291 277 280
275 283 295 305 291 277 280 285
283 295 305 291 277 280 285 283
295 305 291 277 280 285 283 287
305 291 277 280 285 283 287 295
291 277 280 285 283 287 295 295
277 280 285 283 287 295 295 290
280 285 283 287 295 295 290 278
285 283 287 295 295 290 278 278
283 287 295 295 290 278 278 279
287 295 295 290 278 278 279 290
295 295 290 278 278 279 290 292
295 290 278 278 279 290 292 296
290 278 278 279 290 292 296 288
278 278 279 290 292 296 288 277
278 279 290 292 296 288 277 280
279 290 292 296 288 277 280 279
290 292 296 288 277 280 279 282
292 296 288 277 280 279 282 283
296 288 277 280 279 282 283 299
288 277 280 279 282 283 299 295
277 280 279 282 283 299 295 283
280 279 282 283 299 295 283 270
279 282 283 299 295 283 270 278
282 283 299 295 283 270 278 282
283 299 295 283 270 278 282 285
299 295 283 270 278 282 285 292
295 283 270 278 282 285 292 298
283 270 278 282 285 292 298 298
270 278 282 285 292 298 298 289
278 282 285 292 298 298 289 277
282 285 292 298 298 289 277 277
285 292 298 298 289 277 277 288
292 298 298 289 277 277 288 295
255 272 218 284 234 199 344 271
272 218 284 234 199 344 271 259
218 284 234 199 344 271 259 225
284 234 199 344 271 259 225 235
234 199 344 271 259 225 235 241
199 344 271 259 225 235 241 274
344 271 259 225 235 241 274 328
271 259 225 235 241 274 328 311
259 225 235 241 274 328 311 243
225 235 241 274 328 311 243 238
235 241 274 328 311 243 238 257
241 274 328 311 243 238 257 141
274 328 311 243 238 257 141 232
328 311 243 238 257 141 232 257
311 243 238 257 141 232 257 210
243 238 257 141 232 257 210 232
238 257 141 232 257 210 232 183
257 141 232 257 210 232 183 288
141 232 257 210 232 183 288 246
232 257 210 232 183 288 246 200
257 210 232 183 288 246 200 233
210 232 183 288 246 200 233 254
232 183 288 246 200 233 254 290
183 288 246 200 233 254 290 206
288 246 200 233 254 290 206 252
246 200 233 254 290 206 252 232
200 233 254 290 206 252 232 211
233 254 290 206 252 232 211 152
254 290 206 252 232 211 152 256
290 206 252 232 211 152 256 194
206 252 232 211 152 256 194 232
252 232 211 152 256 194 232 294
232 211 152 256 194 232 294 365
211 152 256 194 232 294 365 259
152 256 194 232 294 365 259 255
256 194 232 294 365 259 255 250
194 232 294 365 259 255 250 272
232 294 365 259 255 250 272 256
294 365 259 255 250 272 256 175
365 259 255 250 272 256 175 326
259 255 250 272 256 175 326 207
255 250 272 256 175 326 207 245
250 272 256 175 326 207 245 202
272 256 175 326 207 245 202 236
256 175 326 207 245 202 236 238
175 326 207 245 202 236 238 294
326 207 245 202 236 238 294 328
207 245 202 236 238 294 328 250
245 202 236 238 294 328 250 221
202 236 238 294 328 250 221 327
236 238 294 328 250 221 327 267
238 294 328 250 221 327 267 250
294 328 250 221 327 267 250 149
328 250 221 327 267 250 149 227
250 221 327 267 250 149 227 229
221 327 267 250 149 227 229 221
327 267 250 149 227 229 221 204
267 250 149 227 229 221 204 255
250 149 227 229 221 204 255 257
149 227 229 221 204 255 257 162
227 229 221 204 255 257 162 244
229 221 204 255 257 162 244 228
221 204 255 257 162 244 228 230
204 255 257 162 244 228 230 153
255 257 162 244 228 230 153 350
257 162 244 228 230 153 350 183
162 244 228 230 153 350 183 304
244 228 230 153 350 183 304 167
228 230 153 350 183 304 167 253
230 153 350 183 304 167 253 243
153 350 183 304 167 253 243 151
350 183 304 167 253 243 151 224
183 304 167 253 243 151 224 292
304 167 253 243 151 224 292 234
167 253 243 151 224 292 234 225
253 243 151 224 292 234 225 221
243 151 224 292 234 225 221 313
151 224 292 234 225 221 313 323
224 292 234 225 221 313 323 260
292 234 225 221 313 323 260 239
234 225 221 313 323 260 239 155
225 221 313 323 260 239 155 183
221 313 323 260 239 155 183 219
313 323 260 239 155 183 219 332
323 260 239 155 183 219 332 302
260 239 155 183 219 332 302 156
239 155 183 219 332 302 156 161
155 183 219 332 302 156 161 238
183 219 332 302 156 161 238 350
219 332 302 156 161 238 350 155
332 302 156 161 238 350 155 214
302 156 161 238 350 155 214 320
156 161 238 350 155 214 320 205
161 238 350 155 214 320 205 245
238 350 155 214 320 205 245 230
350 155 214 320 205 245 230 247
155 214 320 205 245 230 247 241
214 320 205 245 230 247 241 264
320 205 245 230 247 241 264 234
205 245 230 247 241 264 234 281
245 230 247 241 264 234 281 224
230 247 241 264 234 281 224 248
247 241 264 234 281 224 248 193
241 264 234 281 224 248 193 238
264 234 281 224 248 193 238 216
234 281 224 248 193 238 216 186
281 224 248 193 238 216 186 155
224 248 193 238 216 186 155 280
248 193 238 216 186 155 280 249
193 238 216 186 155 280 249 250
238 216 186 155 280 249 250 240
216 186 155 280 249 250 240 298
186 155 280 249 250 240 298 238
155 280 249 250 240 298 238 289
280 249 250 240 298 238 289 270
249 250 240 298 238 289 270 227
250 240 298 238 289 270 227 231
240 298 238 289 270 227 231 144
298 238 289 270 227 231 144 263
238 289 270 227 231 144 263 203
289 270 227 231 144 263 203 242
270 227 231 144 263 203 242 282
227 231 144 263 203 242 282 416
231 144 263 203 242 282 416 309
144 263 203 242 282 416 309 228
263 203 242 282 416 309 228 172
203 242 282 416 309 228 172 199
242 282 416 309 228 172 199 233
282 416 309 228 172 199 233 315
416 309 228 172 199 233 315 186
309 228 172 199 233 315 186 286
228 172 199 233 315 186 286 246
172 199 233 315 186 286 246 308
199 233 315 186 286 246 308 149
233 315 186 286 246 308 149 273
315 186 286 246 308 149 273 246
186 286 246 308 149 273 246 148
286 246 308 149 273 246 148 203
246 308 149 273 246 148 203 154
308 149 273 246 148 203 154 247
149 273 246 148 203 154 247 299
273 246 148 203 154 247 299 334
246 148 203 154 247 299 334 234
148 203 154 247 299 334 234 195
203 154 247 299 334 234 195 349
154 247 299 334 234 195 349 165
247 299 334 234 195 349 165 142
299 334 234 195 349 165 142 244
334 234 195 349 165 142 244 240
234 195 349 165 142 244 240 249
195 349 165 142 244 240 249 245
349 165 142 244 240 249 245 265
165 142 244 240 249 245 265 282
142 244 240 249 245 265 282 297
244 240 249 245 265 282 297 287
240 249 245 265 282 297 287 334
249 245 265 282 297 287 334 297
245 265 282 297 287 334 297 225
265 282 297 287 334 297 225 302
282 297 287 334 297 225 302 204
297 287 334 297 225 302 204 228
287 334 297 225 302 204 228 220
334 297 225 302 204 228 220 262
297 225 302 204 228 220 262 174
225 302 204 228 220 262 174 230
302 204 228 220 262 174 230 243
204 228 220 262 174 230 243 247
228 220 262 174 230 243 247 148
220 262 174 230 243 247 148 137
262 174 230 243 247 148 137 322
174 230 243 247 148 137 322 219
230 243 247 148 137 322 219 231
243 247 148 137 322 219 231 144
247 148 137 322 219 231 144 318
148 137 322 219 231 144 318 398
137 322 219 231 144 318 398 317
322 219 231 144 318 398 317 271
219 231 144 318 398 317 271 280
231 144 318 398 317 271 280 208
144 318 398 317 271 280 208 185
318 398 317 271 280 208 185 177
398 317 271 280 208 185 177 216
317 271 280 208 185 177 216 211
271 280 208 185 177 216 211 263
280 208 185 177 216 211 263 291
208 185 177 216 211 263 291 251
185 177 216 211 263 291 251 281
177 216 211 263 291 251 281 217
216 211 263 291 251 281 217 249
211 263 291 251 281 217 249 203
263 291 251 281 217 249 203 245
291 251 281 217 249 203 245 219
251 281 217 249 203 245 219 249
281 217 249 203 245 219 249 252
217 249 203 245 219 249 252 220
249 203 245 219 249 252 220 239
203 245 219 249 252 220 239 183
245 219 249 252 220 239 183 145
219 249 252 220 239 183 145 376
249 252 220 239 183 145 376 251