1 2033
1 2244
1 2139
1 2244
1 2252
1 2348
1 2554
1 1627
1 888
1 780
1 894
1 780
1 668
1 668
1 668
1 668
1 785
1 788
1 903
1 907
1 900
1 903
1 682
1 793
1 677
1 793
1 563
1 563
1 782
1 1003
1 1003
1 785
1 894
1 891
1 891
1 777
1 668
1 885
1 885
1 999
1 1006
1 891
1 888
1 888
1 888
1 561
1 561
1 448
1 563
1 563
1 671
1 671
1 671
1 673
1 788
1 675
1 675
1 790
1 900
1 900
1 900
1 1016
1 903
1 1016
1 900
1 785
1 785
1 785
1 675
1 675
1 790
1 790
1 790
1 900
1 790
1 680
1 796
1 682
1 680
1 564
1 564
1 675
1 675
1 790
1 677
1 790
1 785
1 782
1 780
1 785
1 673
1 671
1 673
1 673
1 561
1 671
1 780
1 782
1 785
1 900
1 785
1 671
1 671
1 671
1 671
1 671
1 785
1 785
1 782
1 782
1 782
1 673
1 563
1 675
1 563
1 677
1 675
1 675
1 785
1 782
1 900
1 903
1 788
1 785
1 785
1 782
1 673
1 675
1 790
1 907
1 910
1 903
1 907
1 1016
1 907
1 913
1 1031
1 903
1 1020
1 1133
1 1234
1 1238
1 1129
1 1242
1 1009
1 903
1 788
1 677
1 564
1 564
1 680
1 796
1 799
1 916
1 1024
1 1137
1 916
1 692
1 689
1 574
1 689
1 689
1 574
1 687
1 802
1 916
1 919
1 802
1 799
1 685
1 685
1 572
1 572
1 572
1 572
1 689
1 687
1 685
1 685
1 687
1 692
1 689
1 689
1 689
1 576
1 689
1 689
1 576
1 694
1 694
1 692
1 692
1 804
1 804
1 804
1 802
1 685
1 799
1 682
1 680
2 4175
2 4032
2 4515
2 4224
2 3916
2 3968
2 3855
2 3423
2 3599
2 3891
2 3462
2 4902
2 5051
2 4849
2 4304
2 3624
2 4509
2 5097
2 4996
2 3546
2 3546
2 3561
2 3822
2 4424
2 3196
2 2879
2 3080
2 4167
2 4397
2 4827
2 3944
2 4474
2 6364
2 6419
2 5636
2 4111
2 4080
2 3252
2 4080
2 4628
2 3801
2 3831
2 4758
2 4661
2 4183
2 4778
2 5313
2 3932
2 3785
2 5002
2 4126
2 3990
2 5419
2 5331
2 4505
2 4581
2 4901
2 3640
2 3510
2 4769
2 3218
2 3203
2 3203
2 4854
2 5741
2 6553
2 7092
2 7062
2 7172
2 7250
2 9029
2 7421
2 6495
2 5484
2 4702
2 3561
2 4562
2 5969
2 4394
2 4236
2 5194
2 5895
2 6032
2 6993
2 6788
2 7408
2 8116
2 8116
2 8530
2 9048
2 9224
2 8987
2 8484
2 7220
2 6043
2 5884
2 4378
2 3076
2 2774
1 2022
1 1738
1 1731
1 2447
1 2457
2 2765
2 3175
2 4530
2 4530
2 4915
2 4915
2 4494
2 5041
2 4562
2 3816
1 2482
1 2550
2 2827
2 4332
2 4681
2 4359
2 4500
2 4378
2 6788
2 7030
2 7057
2 6578
2 7552
2 7057
2 7430
2 8542
2 6254
2 5062
2 6068
2 6553
2 6053
2 5744
2 7408
2 6920
2 7925
2 7888
2 7809
2 7159
2 6750
2 7394
2 7310
2 7959
2 8158
2 8158
2 7327
2 6495
2 6611
2 5806
2 5294
2 3611
1 2367
2 2989
1 2440
2 2936
1 2406
2 3771
2 4715
2 5252
2 4934
2 4935
2 3561
2 3672
2 2899
2 4339
2 6490
2 7447
2 7010
2 5904
2 7920
2 8638
2 10831
2 9830
2 7216
2 6746
2 6917
2 7913
2 7187
2 7680
2 5906
2 4784
2 5173
2 4660
2 5181
2 4543
2 3183
2 3477
2 2752
2 3088
1 2604
1 2604
1 2411
1 2100
2 2899
2 4039
2 5995
2 5758