3
7
9
7
-1
-14
-26
-23
4
58
122
158
121
-27
-296
-662
-1066
-1437
-1711
-1856
-1879
-1815
-1718
-1634
-1593
-1604
-1660
-1743
-1836
-1922
-1991
-2039
-2071
-2095
-2110
-2114
-2100
-2062
-2003
-1940
-1899
-1908
-1987
-2136
-2338
-2562
-2777
-2957
-3088
-3169
-3205
-3209
-3197
-3185
-3188
-3214
-3266
-3336
-3408
-3468
-3502
-3504
-3478
-3436
-3394
-3366
-3359
-3373
-3397
-3424
-3445
-3462
-3482
-3516
-3574
-3664
-3791
-3962
-4189
-4481
-4837
-5232
-5613
-5880
-5893
-5485
-4490
-2801
-435
2411
5349
7852
9381
9548
8253
5746
2566
-618
-3215
-4872
-5545
-5452
-4944
-4359
-3920
-3703
-3667
-3727
-3806
-3868
-3909
-3940
-3968
-3991
-3999
-3987
-3963
-3939
-3932
-3948
-3980
-4013
-4026
-4006
-3956
-3889
-3830
-3799
-3812
-3867
-3949
-4036
-4106
-4144
-4146
-4119
-4077
-4034
-3999
-3978
-3966
-3958
-3951
-3940
-3930
-3926
-3935
-3963
-4006
-4057
-4104
-4133
-4135
-4110
-4063
-4007
-3959
-3929
-3924
-3943
-3978
-4020
-4057
-4083
-4095
-4093
-4083
-4070
-4059
-4051
-4046
-4046
-4049
-4056
-4071
-4089
-4109
-4123
-4129
-4128
-4126
-4132
-4153
-4192
-4246
-4305
-4356
-4391
-4405
-4400
-4383
-4364
-4349
-4344
-4349
-4362
-4376
-4383
-4376
-4348
-4300
-4234
-4158
-4082
-4010
-3945
-3884
-3823
-3758
-3688
-3614
-3538
-3461
-3382
-3303
-3223
-3145
-3075
-3014
-2967
-2933
-2912
-2904
-2908
-2920
-2937
-2953
-2964
-2969
-2971
-2975
-2987
-3007
-3033
-3062
-3088
-3113
-3137
-3164
-3195
-3228
-3258
-3279
-3290
-3290
-3285
-3280
-3276
-3275
-3275
-3275
-3276
-3279
-3285
-3295
-3311
-3332
-3357
-3390
-3430
-3479
-3533
-3585
-3625
-3646
-3642
-3615
-3571
-3523
-3481
-3454
-3449
-3464
-3495
-3537
-3581
-3619
-3646
-3662
-3668
-3672
-3678
-3688
-3702
-3714
-3721
-3724
-3728
-3738
-3756
-3779
-3797
-3800
-3782
-3743
-3693
-3644
-3606
-3584
-3574
-3570
-3562
-3549
-3532
-3519
-3519
-3535
-3563
-3590
-3602
-3586
-3539
-3470
-3392
-3321
-3263
-3213
-3158
-3083
-2979
-2849
-2711
-2587
-2497
-2454
-2458
-2498
-2558
-2625
-2688
-2739
-2770
-2773
-2746
-2694
-2635
-2600
-2620
-2717
-2893
-3127
-3379
-3605
-3772
-3864
-3889
-3870
-3840
-3823
-3838
-3885
-3956
-4032
-4097
-4133
-4136
-4109
-4067
-4023
-3993
-3981
-3986
-3998
-4006
-4003
-3990
-3977
-3983
-4030
-4145
-4350
-4657
-5057
-5514
-5962
-6302
-6415
-6166
-5423
-4085
-2113
431
3358
6340
8953
10754
11389
10695
8761
5918
2661
-480
-3067
-4851
-5793
-6034
-5817
-5397
-4976
-4669
-4508
-4467
-4496
-4544
-4579
-4593
-4592
-4594
-4611
-4647
-4697
-4749
-4786
-4797
-4777
-4731
-4676
-4628
-4604
-4610
-4642
-4688
-4731
-4760
-4769
-4764
-4755
-4755
-4770
-4800
-4836
-4868
-4886
-4885
-4867
-4838
-4806
-4776
-4751
-4731
-4714
-4702
-4694
-4691
-4692
-4695
-4695
-4690
-4681
-4671
-4665
-4665
-4671
-4680
-4692
-4706
-4722
-4741
-4764
-4788
-4810
-4829
-4845
-4863
-4883
-4908
-4938
-4968
-4995
-5019
-5039
-5060
-5085
-5117
-5155
-5196
-5236
-5273
-5306
-5334
-5359
-5383
-5406
-5429
-5452
-5473
-5491
-5506
-5513
-5510
-5491
-5451
-5388
-5298
-5183
-5045
-4888
-4721
-4552
-4390
-4243
-4118
-4017
-3940
-3884
-3843
-3810
-3781
-3753
-3727
-3705
-3689
-3681
-3680
-3684
-3690
-3695
-3698
-3698
-3696
-3691
-3687
-3685
-3689
-3699
-3713
-3726
-3733
-3729
-3711
-3682
-3649
-3619
-3601
-3598
-3611
-3638
-3670
-3701
-3726
-3743
-3754
-3763
-3774
-3793
-3820
-3853
-3890
-3924
-3953
-3975
-3992
-4006
-4019
-4030
-4039
-4043
-4041
-4033
-4021
-4009
-4000
-3996
-3996
-3998
-4000
-3999
-3998
-4002
-4015
-4042
-4082
-4127
-4166
-4189
-4190
-4167
-4127
-4082
-4042
-4015
-4005
-4011
-4027
-4047
-4066
-4080
-4090
-4098
-4105
-4111
-4112
-4104
-4085
-4057
-4023
-3992
-3972
-3971
-3988
-4019
-4050
-4065
-4051
-3998
-3908
-3792
-3665
-3544
-3440
-3356
-3288
-3226
-3158
-3080
-2992
-2904
-2826
-2768
-2737
-2732
-2753
-2799
-2867
-2950
-3036
-3102
-3129
-3102
-3026
-2925
-2835
-2793
-2824
-2932
-3098
-3293
-3486
-3657
-3798
-3911
-4002
-4077
-4135
-4178
-4205
-4223
-4238
-4258
-4285
-4322
-4363
-4403
-4437
-4460
-4471
-4469
-4458
-4441
-4425
-4423
-4448
-4519
-4658
-4884
-5210
-5627
-6103
-6569
-6910
-6959
-6514
-5375
-3409
-638
2693
6096
8925
10531
10481
8715
5604
1847
-1746
-4507
-6097
-6556
-6218
-5534
-4888
-4499
-4395
-4484
-4636
-4756
-4808
-4805
-4779
-4760
-4761
-4781
-4810
-4836
-4856
-4871
-4884
-4900
-4921
-4946
-4970
-4985
-4988
-4981
-4968
-4957
-4954
-4962
-4975
-4987
-4991
-4980
-4954
-4916
-4873
-4830
-4794
-4768
-4750
-4742
-4742
-4751
-4772
-4804
-4847
-4894
-4940
-4978
-5003
-5013
-5008
-4991
-4967
-4939
-4913
-4893
-4879
-4872
-4867
-4856
-4837
-4807
-4769
-4731
-4699
-4679
-4674
-4685
-4710
-4746
-4790
-4836
-4880
-4917
-4944
-4962
-4971
-4979
-4990
-5007
-5029
-5051
-5067
-5075
-5074
-5066
-5055
-5042
-5023
-4988
-4928
-4837
-4713
-4565
-4408
-4260
-4133
-4036
-3965
-3915
-3874
-3833
-3788
-3740
-3693
-3653
-3622
-3605
-3600
-3605
-3616
-3631
-3647
-3663
-3678
-3694
-3709
-3724
-3737
-3745
-3746
-3740
-3726
-3709
-3692
-3681
-3680
-3689
-3710
-3740
-3779
-3825
-3876
-3928
-3975
-4010
-4029
-4033
-4030
-4028
-4040
-4071
-4117
-4172
-4222
-4256
-4268
-4260
-4238
-4212
-4192
-4182
-4184
-4195
-4213
-4235
-4259
-4284
-4310
-4333
-4353
-4368
-4378
-4383
-4382
-4376
-4362
-4342
-4316
-4289
-4261
-4235
-4214
-4195
-4180
-4170
-4169
-4180
-4203
-4237
-4277
-4315
-4343
-4358
-4358
-4346
-4329
-4310
-4295
-4284
-4275
-4264
-4246
-4213
-4164
-4097
-4015
-3923
-3828
-3737
-3655
-3586
-3527
-3476
-3427
-3373
-3312
-3244
-3175
-3117
-3079
-3066
-3080
-3115
-3162
-3211
-3257
-3294
-3319
-3322
-3297
-3240
-3160
-3076
-3020
-3026
-3115
-3291
-3535
-3811
-4076
-4294
-4444
-4528
-4560
-4562
-4556
-4559
-4575
-4603
-4633
-4657
-4666
-4661
-4647
-4634
-4629
-4634
-4649
-4667
-4686
-4712
-4754
-4826
-4938
-5094
-5295
-5540
-5830
-6166
-6536
-6913
-7252
-7487
-7532
-7274
-6578
-5304
-3352
-736
2344
5479
8096
9608
9599
7991
5104
1574
-1838
-4497
-6061
-6548
-6257
-5607
-4970
-4563
-4429
-4491
-4630
-4752
-4817
-4829
-4810
-4787
-4773
-4772
-4781
-4797
-4817
-4836
-4851
-4855
-4847
-4824
-4789
-4747
-4708
-4680
-4667
-4672
-4692
-4720
-4751
-4774
-4785
-4779
-4756
-4718
-4674
-4631
-4597
-4577
-4572
-4580
-4592
-4602
-4605
-4600
-4591
-4582
-4576
-4574
-4573
-4571
-4566
