-1750
-1750
-1750
-1750
-1750
-1750
-1750
-1750
-1448
-1629
-1750
-1810
-1931
-1871
-1931
-2112
-2172
-2233
-2052
-1871
-2112
-2172
-2293
-2172
-1871
-1629
-1871
-2293
-2474
-2836
-2716
-2957
-3017
-3138
-3319
-3319
-3319
-3198
-3078
-3198
-3319
-3500
-3500
-3500
-3500
-3440
-3560
-3681
-3440
-3319
-3319
-3379
-3440
-3681
-3500
-3621
-3379
-3500
-3621
-3802
-3862
-4043
-4345
-4647
-4647
-4888
-5492
-5854
-5854
-5129
-3983
-2655
-845
1448
4526
7483
9414
10138
9233
6276
2052
-1991
-4405
-5250
-5129
-4466
-3983
-3923
-4043
-4164
-3983
-3923
-3802
-3741
-3862
-4043
-4104
-3923
-4164
-4043
-3983
-4043
-3983
-3923
-3983
-3983
-4164
-4285
-4043
-3923
-3681
-3862
-3862
-3983
-4104
-4043
-4104
-4164
-4285
-4285
-4104
-3983
-3983
-3983
-4104
-4224
-3923
-3923
-3983
-3983
-4043
-4043
-4104
-3983
-4104
-4224
-4285
-4224
-4164
-3983
-3862
-4043
-3983
-4164
-3983
-4043
-4043
-4164
-4164
-4285
-4104
-4104
-4043
-3983
-4224
-4224
-4164
-4043
-4043
-4043
-4224
-4285
-4285
-4164
-4164
-4043
-4224
-4345
-4345
-4345
-4405
-4345
-4466
-4647
-4466
-4345
-4285
-4345
-4526
-4526
-4405
-4405
-4345
-4345
-4405
-4466
-4285
-3983
-3923
-3923
-4043
-4104
-3802
-3621
-3621
-3500
-3560
-3500
-3440
-3319
-3078
-3017
-3017
-3198
-3078
-2957
-2776
-2957
-2957
-3078
-3078
-2897
-3017
-3078
-2957
-3078
-3017
-3017
-3198
-3138
-3138
-3198
-3259
-3198
-3138
-3319
-3379
-3500
-3319
-3259
-3138
-3379
-3379
-3440
-3319
-3319
-3198
-3259
-3440
-3500
-3379
-3319
-3440
-3379
-3621
-3621
-3681
-3560
-3621
-3741
-3741
-3681
-3560
-3440
-3440
-3500
-3560
-3741
-3500
-3560
-3621
-3681
-3741
-3923
-3741
-3621
-3500
-3741
-3923
-3983
-3802
-3621
-3681
-3741
-3862
-3983
-3923
-3802
-3741
-3681
-3681
-3741
-3621
-3681
-3500
-3621
-3621
-3681
-3681
-3500
-3379
-3560
-3681
-3802
-3681
-3560
-3500
-3379
-3259
-3319
-3319
-3259
-3017
-3017
-3078
-2716
-2655
-2474
-2414
-2474
-2595
-2776
-2655
-2716
-2716
-2716
-2776
-2836
-2897
-2836
-2655
-2535
-2474
-2957
-3440
-3440
-3621
-3741
-3983
-3983
-3923
-3802
-3862
-3802
-3923
-4104
-4164
-4104
-4104
-4224
-4164
-4285
-3983
-4043
-3983
-3862
-4164
-4285
-4104
-3983
-3923
-3983
-4224
-4405
-4345
-4586
-5129
-5371
-5733
-6155
-6457
-6095
-5009
-3621
-1931
-181
2836
5914
8690
10561
11345
10923
9112
5914
1991
-1328
-3259
-4707
-5431
-5733
-5492
-5129
-4707
-4707
-4647
-4707
-4586
-4586
-4586
-4767
-4647
-4647
-4647
-4526
-4767
-4948
-4948
-4828
-4767
-4707
-4888
-4767
-4647
-4526
-4707
-4707
-4888
-4948
-4948
-4707
-4707
-4767
-4888
-5009
-4828
-4948
-4888
-4948
-5009
-4948
-4828
-4828
-4767
-4707
-4888
-4948
-4707
-4707
-4647
-4647
-4948
-4888
-4767
-4707
-4526
-4707
-4767
-4948
-4828
-4707
-4707
-4647
-4888
-5009
-5009
-4828
-4767
-4888
-5009
-5069
-5069
-4948
-5009
-5129
-5069
-5250
-5190
-5190
-5069
-5190
-5431
-5492
-5431
-5250
-5371
-5431
-5492
-5673
-5552
-5492
-5431
-5492
-5673
-5733
-5552
-5431
-5371
-5310
-5250
-5310
-4948
-4767
-4466
-4405
-4345
-4405
-4104
-3923
-3802
-3862
-3983
-3983
-3862
-3741
-3621
-3621
-3862
-3862
-3802
-3681
-3681
-3560
-3862
-3983
-3681
-3741
-3621
-3621
-3862
-3923
-3741
-3681
-3802
-3681
-3802
-3802
-3741
-3560
-3500
-3681
-3741
-3862
-3802
-3621
-3802
-3802
-3802
-3983
-3802
-3862
-3802
-3923
-4043
-4104
-4043
-4043
-3983
-3923
-4164
-4224
-4164
-4043
-3983
-3983
-4164
-4164
-4164
-3862
-3983
-4043
-4104
-4285
-4043
-3983
-3983
-4043
-4285
-4345
-4285
-4224
-4104
-4164
-4164
-4164
-4164
-3983
-3983
-4043
-4164
-4224
-4224
-4104
-3983
-4164
-4164
-4285
-4224
-4104
-3983
-4104
-4104
-4104
-3983
-4043
-3983
-4043
-4164
-4164
-4104
-3983
-3802
-3560
-3621
-3560
-3440
-3319
-3198
-3198
-3198
-3078
-3017
-2897
-2716
-2595
-2897
-2957
-2897
-2957
-2836
-2957
-3017
-3319
-3319
-3198
-3017
-2716
-2655
-2776
-3198
-3259
-3379
-3440
-3681
-3862
-4104
-3983
-4043
-4043
-4285
-4466
-4345
-4164
-4224
-4285
-4405
-4526
-4586
-4466
-4405
-4405
-4586
-4647
-4586
-4526
-4285
-4466
-4707
-4888
-4948
-5250
-5612
-5914
-6276
-6698
-6879
-6336
-4888
-3017
-1086
1448
4948
8328
10681
11586
10259
6276
603
-3862
-6035
-6095
-5371
-5009
-4767
-4707
-4767
-4707
-4767
-4888
-4767
-4888
-4707
-4767
-4767
-4948
-4888
-4828
-4828
-5009
-4888
-5069
-5009
-4888
-4888
-5069
-5069
-5250
-5069
-4948
-4948
-4888
-5129
-5190
-5069
-5009
-4948
-4948
-5129
-5069
-4828
-4767
-4828
-4828
-4767
-5009
-4888
-4707
-4828
-4828
-5009
-5129
-5129
-5009
-5009
-4948
-5129
-5129
-5069
-5009
-4828
-4828
-4948
-5129
-4948
-4888
-4767
-4828
-4828
-4888
-4647
-4828
-4707
-4707
-4828
-5009
-4888
-4888
-4948
-5009
-5069
-5069
-5129
-5009
-5009
-4948
-5250
-5190
-5250
-5069
-5069
-5069
-5069
-5129
-5129
-5009
-4767
-4767
-4707
-4526
-4345
-4104
-4043
-3983
-4043
-4043
-3923
-3862
-3681
-3681
-3802
-3741
-3681
-3621
-3621
-3621
-3741
-3741
-3741
-3802
-3621
-3681
-3802
-3862
-3923
-3741
-3681
-3681
-3862
-3923
-3681
-3741
-3560
-3741
-3923
-3983
-3862
-3862
-3862
-3923
-4224
-4224
-4104
-4043
-3983
-4043
-4104
-4345
-4224
-4224
-4285
-4345
-4285
-4405
-4285
-4224
-4104
-4285
-4224
-4405
-4405
-4224
-4285
-4224
-4466
-4586
-4466
-4345
-4405
-4345
-4405
-4586
-4466
-4405
-4224
-4224
-4224
-4466
-4405
-4164
-4164
-4104
-4285
-4405
-4345
-4285
-4285
-4285
-4526
-4647
-4285
-4345
-4285
-4345
-4345
-4466
-4345
-4164
-4285
-4164
-4164
-4164
-4104
-3741
-3681
-3681
-3741
-3681
-3500
-3440
-3319
-3379
-3379
-3319
-3198
-3078
-2957
-3138
-3198
-3319
-3379
-3198
-3259
-3319
-3379
-3319
-3379
-3319
-3198
-3078
-2897
-3138
-3379
-3741
-3741
-4164
-4345
-4586
-4647
-4586
-4466
-4526
-4647
-4707
-4767
-4647
-4647
-4647
-4767
-4888
-4828
-4526
-4526
-4707
-4767
-5009
-4888
-4828
-4707
-4888
-5129
-5552
-5733
-6095
-6155
-6336
-6517
-7242
-7785
-7604
-6940
-5974
-4647
-3259
-1388
1086
4466
7664
9776
10380
9293
5733
785
-3681
-6035
-6276
-5733
-4948
-4707
-4707
-4828
-4948
-4888
-4647
-4707
-4767
-4888
-4948
-4888
-4828
-4707
-4767
-4948
-5009
-4948
-4767
-4888
-4948
-4888
-4888
-4948
-4707
-4647
-4707
-4767
-4828
-4828
-4828
-4767
-4767
-4888
-4888
-4828
-4767
-4647
-4526
-4647
-4767
-4707
-4647
-4526
-4647
-4767
-4767
-4647
-4526
-4526
-4647
-4767
-4707
-4707
-4405
-4526
-4647
-4767
-4586
-4647
-4526
-4586
-4707
-4586
-4526
-4526
-4526
-4526
-4586
