0
0
0
0
0
0
0
0
0
0
0
0
0
0
0
0
0
0
0
0
0
0
0
0
0
0
0
0
0
0
0
0
-2013
-2038
-2052
-2056
-2043
-2007
-1950
-1889
-1850
-1859
-1933
-2079
-2272
-2493
-2698
-2872
-3000
-3073
-3112
-3115
-3103
-3092
-3095
-3123
-3170
-3239
-3308
-3365
-3399
-3399
-3376
-3335
-3292
-3265
-3262
-3273
-3295
-3324
-3342
-3361
-3378
-3409
-3468
-3554
-3677
-3842
-4061
-4340
-4684
-5068
-5436
-5691
-5706
-5310
-4349
-2720
-435
2311
5149
7562
9037
9197
7949
5531
2462
-614
-3119
-4719
-5367
-5279
-4788
-4225
-3801
-3591
-3557
-3616
-3688
-3751
-3790
-3819
-3847
-3868
-3877
-3866
-3841
-3820
-3813
-3824
-3858
-3892
-3901
-3882
-3833
-3772
-3713
-3684
-3697
-3752
-3829
-3910
-3980
-4018
-4021
-3993
-3949
-3908
-3875
-3855
-3846
-3838
-3830
-3821
-3809
-3805
-3816
-3844
-3884
-3932
-3976
-4007
-4006
-3981
-3935
-3884
-3839
-3808
-3806
-3823
-3857
-3897
-3928
-3958
-3968
-3967
-3955
-3945
-3931
-3925
-3921
-3922
-3925
-3926
-3943
-3962
-3982
-3994
-4003
-3998
-3998
-4002
-4022
-4062
-4115
-4170
-4220
-4255
-4267
-4263
-4245
-4229
-4216
-4207
-4216
-4226
-4239
-4245
-4237
-4212
-4166
-4101
-4031
-3957
-3889
-3825
-3766
-3709
-3646
-3578
-3503
-3430
-3357
-3281
-3206
-3127
-3055
-2986
-2928
-2880
-2851
-2828
-2820
-2824
-2835
-2853
-2867
-2875
-2879
-2882
-2888
-2901
-2918
-2945
-2973
-2997
-3020
-3042
-3072
-3103
-3135
-3163
-3180
-3191
-3194
-3191
-3184
-3179
-3178
-3180
-3181
-3181
-3184
-3186
-3197
-3215
-3235
-3259
-3288
-3331
-3375
-3427
-3479
-3513
-3534
-3528
-3504
-3467
-3417
-3378
-3352
-3346
-3359
-3389
-3432
-3473
-3511
-3537
-3551
-3559
-3564
-3567
-3577
-3593
-3602
-3608
-3612
-3617
-3625
-3644
-3664
-3681
-3685
-3667
-3630
-3581
-3537
-3496
-3475
-3466
-3462
-3453
-3442
-3427
-3414
-3414
-3427
-3455
-3483
-3492
-3481
-3434
-3367
-3290
-3223
-3167
-3118
-3065
-2994
-2891
-2768
-2635
-2512
-2428
-2384
-2388
-2425
-2487
-2548
-2613
-2662
-2694
-2695
-2668
-2617
-2559
-2526
-2547
-2640
-2810
-3035
-3279
-3494
-3659
-3745
-3772
-3753
-3723
-3708
-3722
-3765
-3834
-3907
-3973
-4007
-4009
-3984
-3942
-3898
-3869
-3858
-3865
-3878
-3884
-3882
-3867
-3852
-3860
-3905
-4018
-4217
-4512
-4896
-5341
-5775
-6101
-6209
-5970
-5251
-3960
-2056
401
3225
6106
8627
10365
10978
10305
8440
5696
2552
-478
-2978
-4699
-5609
-5842
-5633
-5225
-4820
-4523
-4368
-4328
-4356
-4402
-4437
-4449
-4450
-4451
-4469
-4502
-4550
-4601
-4637
-4645
-4627
-4581
-4530
-4484
-4460
-4468
-4496
-4537
-4581
-4610
-4619
-4611
-4607
-4606
-4620
-4652
-4689
-4713
-4731
-4733
-4715
-4687
-4656
-4625
-4602
-4583
-4569
-4555
-4546
-4543
-4545
-4544
-4547
-4542
-4532
-4523
-4517
-4519
-4524
-4531
-4545
-4556
-4573
-4594
-4614
-4638
-4659
-4680
-4694
-4709
-4733
-4755
-4782
-4810
-4841
-4862
-4882
-4901
-4927
-4955
-4994
-5034
-5070
-5105
-5137
-5165
-5188
-5211
-5234
-5261
-5279
-5300
-5315
-5332
-5340
-5335
-5316
-5279
-5217
-5132
-5020
-4886
-4735
-4572
-4411
-4254
-4111
-3991
-3896
-3820
-3764
-3730
-3694
-3668
-3639
-3613
-3593
-3577
-3572
-3572
-3571
-3579
-3582
-3586
-3588
-3583
-3581
-3577
-3575
-3576
-3589
-3600
-3614
-3618
-3616
-3601
-3573
-3537
-3512
-3490
-3490
-3501
-3529
-3560
-3592
-3613
-3630
-3640
-3648
-3660
-3680
-3704
-3737
-3773
-3805
-3832
-3855
-3868
-3883
-3893
-3909
-3915
-3919
-3916
-3909
-3894
-3887
-3878
-3873
-3872
-3874
-3878
-3876
-3878
-3881
-3894
-3917
-3955
-4000
-4038
-4059
-4057
-4036
-4001
-3956
-3919
-3890
-3881
-3888
-3902
-3924
-3943
-3954
-3964
-3968
-3977
-3983
-3986
-3975
-3961
-3931
-3901
-3872
-3851
-3849
-3864
-3895
-3925
-3941
-3926
-3874
-3788
-3676
-3555
-3437
-3336
-3257
-3192
-3134
-3066
-2991
-2908
-2820
-2743
-2691
-2660
-2654
-2674
-2718
-2785
-2865
-2945
-3009
-3037
-3014
-2938
-2842
-2753
-2715
-2743
-2846
-3006
-3194
-3380
-3549
-3684
-3792
-3879
-3950
-4006
-4051
-4074
-4092
-4103
-4125
-4151
-4186
-4227
-4268
-4298
-4322
-4329
-4331
-4318
-4303
-4287
-4286
-4308
-4380
-4510
-4728
-5045
-5450
-5907
-6358
-6686
-6734
-6303
-5204
-3304
-629
2583
5867
8596
10150
10101
8393
5393
1768
-1703
-4365
-5898
-6344
-6016
-5362
-4732
-4358
-4257
-4345
-4487
-4606
-4657
-4651
-4630
-4610
-4609
-4628
-4659
-4685
-4701
-4717
-4730
-4747
-4768
-4792
-4813
-4828
-4832
-4823
-4809
-4802
-4798
-4806
-4816
-4829
-4834
-4824
-4796
-4760
-4718
-4677
-4643
-4619
-4601
-4594
-4594
-4601
-4622
-4652
-4696
-4743
-4782
-4819
-4849
-4856
-4851
-4834
-4812
-4787
-4758
-4740
-4726
-4720
-4714
-4704
-4682
-4654
-4620
-4578
-4549
-4532
-4529
-4538
-4560
-4597
-4640
-4681
-4724
-4762
-4790
-4806
-4817
-4824
-4836
-4852
-4870
-4890
-4908
-4917
-4914
-4908
-4898
-4885
-4864
-4833
-4771
-4683
-4562
-4421
-4270
-4128
-4006
-3911
-3842
-3794
-3756
-3718
-3673
-3626
-3581
-3540
-3511
-3498
-3490
-3496
-3508
-3521
-3537
-3551
-3566
-3584
-3599
-3612
-3624
-3632
-3634
-3624
-3615
-3597
-3582
-3571
-3569
-3575
-3598
-3627
-3665
-3709
-3756
-3806
-3854
-3884
-3906
-3910
-3910
-3905
-3917
-3946
-3991
-4043
-4091
-4121
-4135
-4126
-4107
-4080
-4061
-4053
-4056
-4063
-4082
-4100
-4124
-4151
-4175
-4199
-4218
-4230
-4242
-4246
-4244
-4239
-4227
-4204
-4183
-4154
-4128
-4104
-4079
-4066
-4049
-4041
-4038
-4048
-4068
-4107
-4143
-4180
-4209
-4221
-4224
-4212
-4195
-4178
-4160
-4151
-4140
-4131
-4112
-4083
-4034
-3970
-3891
-3802
-3710
-3621
-3541
-3474
-3422
-3371
-3323
-3270
-3212
-3148
-3081
-3025
-2990
-2976
-2991
-3023
-3070
-3119
-3163
-3198
-3221
-3223
-3198
-3144
-3067
-2988
-2933
-2938
-3025
-3192
-3429
-3696
-3951
-4158
-4304
-4385
-4416
-4419
-4415
-4417
-4434
-4460
-4488
-4510
-4522
-4511
-4500
-4491
-4483
-4491
-4504
-4522
-4537
-4564
-4606
-4673
-4783
-4936
-5130
-5364
-5646
-5967
-6327
-6689
-7018
-7246
-7287
-7041
-6368
-5136
-3254
-725
2245
5271
7799
9259
9248
7697
4914
1505
-1789
-4355
-5868
-6340
-6056
-5426
-4815
-4421
-4290
-4352
-4484
-4601
-4665
-4676
-4658
-4637
-4625
-4622
-4631
-4648
-4666
-4686
-4698
-4701
-4692
-4671
-4638
-4599
-4559
-4533
-4522
-4526
-4547
-4570
-4600
-4625
-4634
-4629
-4605
-4571
-4529
-4486
-4455
-4435
-4430
-4436
-4448
-4458
-4460
-4458
-4447
-4437
-4436
-4431
-4431
-4429
-4422
