0
0
0
0
-1
-7
-12
-11
0
21
47
60
41
-22
-128
-258
-377
-449
-451
-380
-256
-116
3
75
94
68
18
-36
-79
-102
-106
-94
-74
-54
-37
-24
-10
9
33
55
65
51
8
-60
-139
-208
-251
-261
-237
-191
-134
-78
-33
-3
7
-1
-21
-48
-71
-82
-76
-54
-22
11
35
45
38
20
-2
-20
-28
-29
-26
-28
-39
-62
-96
-139
-191
-254
-327
-399
-450
-447
-345
-99
330
945
1700
2480
3111
3386
3134
2288
938
-668
-2179
-3253
-3663
-3378
-2560
-1500
-505
203
542
565
401
189
25
-59
-79
-67
-50
-39
-29
-16
1
17
22
13
-6
-25
-32
-21
6
39
63
67
47
7
-39
-77
-95
-89
-63
-26
10
36
47
45
34
23
14
11
11
10
5
-7
-24
-42
-54
-55
-42
-18
13
40
56
58
44
20
-7
-30
-43
-45
-38
-23
-8
4
11
13
11
7
3
-2
-8
-14
-20
-22
-19
-13
-5
-2
-7
-20
-38
-55
-65
-64
-51
-30
-8
9
18
18
11
0
-9
-14
-10
3
23
46
68
84
91
90
85
80
78
80
84
89
93
95
97
98
98
96
90
80
66
50
34
18
3
-9
-16
-19
-16
-11
-7
-7
-12
-20
-28
-33
-34
-33
-32
-34
-36
-39
-37
-31
-20
-9
0
4
4
3
1
0
-2
-3
-7
-11
-17
-23
-30
-37
-46
-56
-62
-62
-54
-35
-10
17
39
51
51
39
18
-5
-27
-43
-50
-48
-40
-28
-16
-10
-8
-11
-14
-14
-12
-8
-7
-11
-18
-23
-21
-10
10
33
50
56
50
37
22
12
10
13
16
14
5
-10
-24
-28
-18
6
37
67
84
87
80
72
72
87
113
141
157
153
125
79
27
-21
-56
-74
-77
-68
-48
-19
14
43
57
43
-4
-80
-166
-241
-283
-280
-234
-160
-81
-18
16
18
-4
-37
-67
-84
-80
-58
-25
10
36
46
41
25
7
-6
-8
-2
7
9
-6
-46
-114
-209
-321
-431
-511
-525
-438
-220
151
678
1335
2063
2759
3290
3505
3280
2559
1393
-56
-1538
-2780
-3557
-3757
-3409
-2660
-1730
-836
-140
283
446
418
291
145
32
-28
-42
-31
-15
-9
-16
-33
-50
-57
-49
-26
5
35
54
56
39
10
-20
-42
-49
-41
-24
-7
3
0
-11
-26
-37
-38
-28
-10
9
25
34
36
33
28
23
17
12
6
2
-1
-1
3
7
9
8
3
-3
-9
-13
-16
-19
-23
-26
-28
-28
-26
-24
-23
-25
-29
-34
-36
-35
-32
-29
-28
-31
-37
-43
-48
-50
-48
-44
-39
-35
-32
-30
-29
-29
-27
-25
-20
-12
-1
16
38
65
96
127
156
181
198
205
202
189
167
140
112
85
63
49
40
36
33
29
22
14
6
-1
-5
-6
-5
-2
1
3
4
2
-3
-9
-14
-15
-10
0
13
26
35
35
27
12
-6
-23
-34
-37
-34
-27
-19
-15
-15
-21
-29
-37
-42
-43
-39
-32
-26
-21
-18
-15
-12
-8
-1
5
11
13
11
7
3
-1
-2
-1
-1
-5
-13
-26
-40
-49
-48
-35
-13
12
34
47
48
38
22
4
-11
-20
-23
-20
-16
-12
-10
-8
-3
5
16
28
35
36
27
11
-9
-26
-32
-22
5
43
86
122
143
148
137
117
98
86
85
92
101
105
98
80
54
22
-10
-41
-69
-90
-97
-85
-50
2
57
95
101
67
-1
-84
-160
-211
-230
-221
-194
-161
-131
-105
-84
-64
-46
-32
-25
-25
-31
-40
-46
-49
-44
-35
-21
-7
6
15
15
4
-23
-71
-142
-237
-346
-455
-533
-543
-434
-152
348
1073
1968
2893
3630
3925
3571
2501
849
-1058
-2781
-3916
-4225
-3720
-2645
-1375
-272
430
680
585
324
64
-95
-138
-102
-42
2
17
8
-11
-26
-31
-29
-23
-20
-20
-24
-28
-28
-22
-11
1
9
11
6
-3
-11
-13
-7
6
22
37
47
50
46
38
27
16
5
-7
-20
-33
-46
-54
-56
-50
-38
-22
-4
11
23
30
31
27
21
14
10
12
20
30
39
44
40
30
14
-4
-22
-37
-48
-54
-54
-49
-40
-29
-19
-14
-14
-18
-23
-25
-22
-15
-5
4
10
15
23
38
63
96
132
164
182
183
166
138
107
79
62
54
54
56
56
52
42
29
14
1
-9
-15
-19
-20
-20
-20
-20
-19
-17
-12
-6
3
11
17
19
15
6
-6
-19
-32
-43
-53
-60
-62
-59
-49
-33
-17
-5
-3
-11
-28
-46
-59
-60
-49
-28
-5
14
25
25
17
5
-7
-17
-24
-28
-31
-31
-30
-27
-22
-16
-10
-3
4
12
20
27
31
33
32
29
25
20
14
5
-7
-21
-35
-43
-45
-39
-26
-10
5
15
20
19
16
14
14
21
34
52
72
91
105
113
113
105
94
81
70
65
66
72
79
81
74
56
30
0
-27
-47
-57
-57
-50
-36
-14
16
50
78
89
71
17
-66
-162
-249
-306
-319
-288
-226
-151
-82
-33
-8
-4
-13
-25
-32
-30
-19
-4
8
12
9
-1
-11
-19
-25
-32
-49
-78
-119
-169
-224
-279
-335
-389
-432
-449
-420
-321
-126
195
665
1291
2037
2801
3407
3638
3305
2329
815
-951
-2571
-3662
-3990
-3551
-2559
-1362
-302
390
657
587
346
94
-73
-130
-108
-55
-8
16
18
9
-4
-15
-21
-23
-19
-10
3
19
34
44
46
38
23
5
-14
-27
-33
-30
-19
-2
17
35
47
50
44
32
15
0
-9
-11
-7
0
6
9
8
5
3
2
